5538
809
8784
2041
1924
2701
693
2421
8186
4703
6116
7990
2317
2705
9864
2361
361
3876
5839
7651
1947
524
5886
3495
8427
6355
5555
4699
4188
3904
4219
5206
5266
425
7653
9772
6467
838
3286
381
8177
1192
5614
8795
8071
2298
8139
6747
9362
8247
9949
9006
9282
4828
361
3136
945
6575
9922
5472
7379
3617
7157
9010
4719
720
6612
8081
9501
3904
4982
5081
9824
2810
6668
2404
2998
5013
5751
9330
5149
4293
3560
8719
7560
2721
1432
3056
739
2777
2921
2766
995
4248
6748
5078
8385
9190
3061
192
5705
8817
5357
4287
7390
7726
8502
9336
4801
1466
4580
2662
8257
7974
3145
1725
2933
6706
1473
4318
1736
9672
4768
4123
9523
3917
5753
9484
6242
8564
848
2752
9936
1972
6818
8968
8932
2730
9556
9696
5824
8354
6569
3567
6407
4946
2696
8082
656
5367
2925
2260
584
4437
4895
7744
396
6825
8066
1498
4823
193
8574
9227
8921
1374
4607
3291
5225
2617
7486
8708
285
1844
2032
7605
6647
562
4350
2964
1697
7833
3829
6488
493
3943
6414
5877
5686
2179
417
7433
1691
5125
2981
967
4029
7273
6795
4002
3607
3568
6396
9484
5341
9720
1344
6303
4280
4333
529
1132
593
6543
7823
9811
156
6454
7190
9730
2104
803
4060
2337
9892
6873
8335
4445
9572
4300
9822
1043
5203
1465
9607
4720
27
310
7713
2695
5635
5467
1803
770
3128
4481
3077
6540
7600
9930
5997
1791
1003
1298
6925
9993
6266
4804
9810
8485
6197
9328
4657
7559
6631
3579
2421
7768
8013
5255
9948
1315
831
7333
722
4110
8654
3480
1662
2493
3567
2028
9132
5203
1142
2807
1467
2923
8678
9054
7336
2567
264
8075
6170
9270
8299
2414
3823
4331
5915
3970
9687
5436
2709
226
1824
9576
6697
7611
2945
2220
5361
1795
3804
1000
5922
7786
5741
2381
8784
5616
7288
2986
4470
1272
994
2328
8870
4635
2014
2466
9454
9184
4171
7065
8972
4138
6092
9639
4196
7026
4664
6242
5775
743
1971
9796
1686
4772
637
1128
6495
2945
2489
3927
7223
8492
9665
7156
801
3833
7176
8117
8990
2471
7936
6948
1741
8758
8190
196
9957
726
9082
9351
4161
7313
3739
7327
1115
75
2642
3428
9980
9193
4981
230
3266
9857
16
148
4803
7760
3175
9580
594
4881
3887
99
8000
2396
7533
3959
5732
7182
2367
7843
8126
4104
9498
4451
4296
554
1076
9513
1198
1137
6019
8015
3056
3262
8245
1966
8149
3865
5858
270
3907
4614
526
271
7452
1367
9987
7064
9610
9250
7983
1214
6303
644
3322
2679
7030
1910
2555
1119
3134
3551
8843
2362
3384
5451
7850
9243
831
9291
7520
1493
1512
2108
887
1648
3594
7836
7863
2463
5391
2026
2226
3231
5579
8926
2962
7570
5917
4857
367
1485
2564
9838
7605
5166
1219
3713
7925
7347
2168
5342
9675
4135
6170
8349
1904
990
945
1973
2689
995
5978
2223
2528
9167
2171
2333
3689
8109
8804
6186
6792
9820
1751
3091
1209
677
3705
343
3168
3149
1433
3019
3050
6973
4208
5937
7811
8256
5050
2569
5209
8621
1684
1560
5313
4726
2246
3945
4457
96
4340
8770
8014
6836
3983
6104
2239
9333
9857
2021
3873
7795
2761
4712
2053
1135
435
2478
8439
2144
2476
881
8152
3653
2996
5070
6445
5420
1301
3770
7897
5523
2420
7719
281
1981
1877
5828
2495
87
564
7667
4866
5627
3009
8048
8612
8405
5995
1662
915
5620
5280
2323
5156
5059
9507
1095
6317
2729
3088
8745
4161
429
6509
6995
7138
6206
5233
8911
1298
851
6889
2282
2106
2494
7288
9272
5567
4614
2207
2184
9041
4853
7613
9241
4614
1391
985
4061
8151
9636
9614
5501
7081
5976
246
3870
8799
9201
8714
3394
574
6352
73
1410
4385
2980
7271
2634
4974
1787
567
7125
5608
3051
6348
6443
8598
3552
4605
6168
3541
2326
6680
2063
9705
6746
7448
3390
4474
2156
6937
5316
2540
9208
459
6673
559
5941
5653
5469
873
1532
1677
9036
7312
6621
9381
127
1165
3104
9416
7390
4141
1256
3877
8918
1529
4140
1034
3917
7273
2232
3845
6574
5861
4385
8568
7473
7852
3432
619
8649
3752
5041
3542
9317
913
6245
1167
8959
5585
3957
9105
2089
4441
1151
3518
714
1266
7446
4101
2659
374
5325
8871
4294
2879
4740
4023
6521
8016
1782
9681
3367
3315
9698
1581
2680
467
1337
8883
227
8812
2376
304
1329
4527
7174
7242
4563
2378
1071
7153
6294
9783
7139
2471
6998
7924
2713
4929
2609
6707
6056
302
4350
2947
4167
5848
1614
3934
7282
6264
3681
9780
2512
1519
6092
7321
1524
2178
6202
6474
9009
9797
3120
4342
8273
1660
5670
7306
1399
190
9538
4109
52
2043
9415
782
3303
6575
4686
9339
3736
8071
1539
3875
871
8660
1300
8573
5136
9245
6598
9915
5906
1818
1977
5722
1904
6175
2684
5483
6248
9957
9955
4311
6306
9951
1608
4173
1547
3099
1009
2000
9091
88
4641
8464
1843
6743
1792
6869
2147
389
8111
5507
8763
3175
5015
3962
4408
5079
5650
7198
5058
7951
1517
3159
1628
7331
907
1385
5691
4932
3005
5606
7706
3585
3521
7362
2173
6497
6345
6392
3733
5807
2798
5276
9700
165
2164
9168
897
157
8031
8107
750
8067
6262
7638
6024
4046
1448
2665
3183
8993
876
9446
983
9165
1181
835
957
522
3654
4158
7038
6725
2410
460
5957
7564
6663
1507
755
2520
1292
5849
6900
1610
2936
4797
6543
5449
4293
244
3822
1307
3670
2870
3520
2914
6476
8362
7947
3289
1887
15
710
927
7323
1517
9893
947
601
2283
6566
6001
1056
1746
1132
7291
4667
7282
3433
6220
204
2804
6994
3609
8209
832
1422
1945
6263
1407
2479
2214
5293
6643
2132
1684
8682
9814
3454
4370
5537
7328
721
991
4339
1869
29
5695
2357
7807
8446
990
9636
5472
2737
3972
4631
8346
2297
4393
1557
5114
9008
9355
1430
9554
193
3293
718
7007
2006
3762
183
842
3277
8907
3389
3202
8689
4814
4688
218
4838
3720
1670
2591
6212
3411
3616
8798
9720
2187
7534
6611
2647
5869
1172
2628
9749
1074
2895
2895
7734
9691
2723
5394
4098
6653
1847
3018
8398
7279
1956
125
4600
3857
617
491
4931
7583
1922
98
1540
5510
1834
9474
2556
8631
5935
4274
9928
6906
4373
4800
3477
7364
190
8078
9016
7692
3048
3963
2797
5898
9463
7039
8461
177
4949
3643
8758
1248
6855
6832
8806
8339
722
6496
1319
847
4910
4034
3058
8157
169
8185
1661
2166
2927
1591
7063
3745
25
3438
7877
2585
5827
7768
8654
8642
67
9575
5444
4877
3494
8111
2372
138
5693
6915
3872
1437
8905
4285
8506
452
6066
6034
9828
1352
9054
4229
9846
323
4432
8059
4752
4961
2975
4719
6144
74
8297
3959
7862
814
8536
3111
758
6930
5171
1956
270
8426
3736
4700
8841
5975
6473
2243
6179
2355
7236
9889
6638
8427
8695
891
2420
6989
6148
3134
638
8017
8898
4452
1236
6045
8148
7680
5062
2995
8973
2060
2923
4478
8532
8853
3671
7933
2725
8229
8498
4479
7752
2529
6519
2848
8326
6980
6699
2803
1129
3852
575
9808
3587
5156
8678
4959
2882
6658
1275
3638
9378
5809
2125
5200
8500
2082
5804
7791
1390
6318
9689
7203
3122
6175
9001
4939
4067
2288
9595
3947
7014
7777
1434
3807
2710
9392
2884
6591
1066
6021
732
7955
2827
4845
7757
8073
3856
8089
9552
8036
2124
8055
7776
9112
4715
3217
7868
8772
824
4757
9932
3838
3443
1414
6360
6629
9074
2464
7206
7379
8805
4577
2434
529
5454
1718
355
2448
3665
8948
731
2181
8120
6969
5902
4501
1674
1649
8407
9442
5965
7085
1656
3300
3369
6865
1073
8683
2415
3357
7347
8403
1050
6734
6885
9737
325
5430
38
3390
4766
4026
3892
4762
8425
3034
2333
4002
6455
9526
1876
1373
8248
2878
3830
3332
287
763
8957
8632
6630
269
1364
8152
7762
1429
1628
7747
1895
6964
7583
5066
2847
8290
9556
1338
4551
2675
7683
8425
4827
4968
1033
1710
3363
4962
6173
6806
1006
3644
435
1701
8078
3386
2433
2522
515
1500
177
2214
9853
3751
3351
6285
5836
6774
5283
4030
9403
7069
457
8752
5869
4463
143
8621
9461
8144
2454
1236
8412
6109
4669
8601
7279
9338
4386
6512
5895
7084
9242
7354
8046
5209
5588
8799
510
2877
1833
4909
1116
5535
1510
2303
9205
98
9437
9601
3319
3680
9865
1539
403
8820
9553
1069
8914
8439
7870
835
3798
3918
2576
104
4482
4433
2126
695
6956
2831
4237
2607
9218
4912
6820
9343
2235
8491
653
2099
2480
9274
5181
46
3723
8043
4488
4633
7358
5752
1423
2538
7430
568
2667
2264
9634
9271
4223
3006
3039
5700
729
2318
2934
8490
249
7544
6744
7394
1493
5659
4808
1846
3068
6491
122
5640
2074
5844
9451
2788
1467
1614
3313
1204
739
49
8132
5715
7181
4171
9934
7844
9347
9184
8415
6004
2478
913
1219
4621
9470
9776
8936
300
540
9714
2970
6309
4718
9510
657
277
1243
2694
8511
7289
3984
1772
1538
45
9730
1735
2129
9527
8564
7677
5973
6406
7611
1938
8533
3589
2528
506
4886
2756
2502
1500
7874
2041
8030
1465
8905
2626
7415
9515
630
1422
9401
1232
1108
6685
180
3417
7424
8310
1124
7758
5616
5096
9336
2213
9332
546
115
4931
2380
5478
6210
5505
6523
8731
6352
8562
6283
1763
3463
4293
592
733
1655
8790
2257
7580
4732
4346
4164
4583
8507
5947
9817
2225
6460
5200
4811
4572
415
3920
2530
2250
1272
5560
9452
4037
8301
4220
4573
528
6290
2811
5396
9021
2450
294
7329
5584
4705
1521
1236
4339
928
4251
6903
6092
5681
75
9471
7580
8651
1067
1679
8841
5184
4602
6669
2286
5693
4573
2489
3745
2385
6565
2587
9078
2226
8151
8364
5538
1005
9351
840
9171
108
8470
435
5278
6045
5119
1130
7080
7712
6524
7563
6393
3329
5742
2567
9566
151
2317
2902
2686
7820
3389
4716
7600
159
4721
4331
1499
2422
9652
1257
7965
3735
5430
900
9280
8953
6019
915
7882
3062
4235
4846
6340
7908
2269
3777
333
965
1173
1148
5071
2091
9592
5951
8579
4160
7229
1125
3969
2869
8879
5774
7979
6537
2976
178
6810
3693
5872
7730
8696
7829
863
3425
3792
9009
3807
5779
1875
9997
7581
3956
605
9814
2289
8236
1607
3646
5619
1570
5438
4146
897
6527
9299
3674
7215
5381
8564
7440
9646
6560
2764
4949
9632
9051
311
7376
2923
4597
7080
4008
76
517
974
9653
7070
4060
1876
4002
858
2651
9304
4869
1441
6197
2079
7345
8041
7782
6151
1420
5252
2931
8924
557
4791
2708
2207
7801
9593
6800
8900
2334
2683
1416
8779
6463
1399
4758
1874
7649
7707
1047
3721
7077
6424
5239
4838
8488
6374
44
8697
3047
9707
5686
4386
2295
1612
9541
6706
8499
130
5035
3120
7511
7681
2467
8605
1917
4613
9443
7993
214
1950
5902
6056
6860
9165
2957
6159
1237
4159
63
9012
9322
202
4206
885
6537
854
1620
5783
7272
6558
6958
6658
3579
3911
8112
1482
8343
8992
5001
5618
8824
4858
2217
124
6496
2089
6432
7460
6769
8828
9896
6350
9597
8570
1189
1293
3932
2606
7948
5093
2574
2772
9074
963
6081
1236
5255
428
421
5919
7170
9571
2110
7031
5759
3423
7850
564
3287
8524
2228
7140
5758
4721
1112
1283
2642
1314
8327
9675
7218
2278
6910
77
8430
316
3762
2241
7726
4906
5182
6955
2230
3670
4673
4558
5384
8200
2370
1829
9994
9199
9029
1344
6329
9043
6226
2220
2350
3948
7844
4198
5056
8657
8975
1649
2618
2899
2406
1605
751
827
4780
1067
9771
2865
2617
4551
7948
5919
4927
7765
8033
9397
1790
7479
7218
1758
2421
9901
2944
563
9337
1030
1245
3070
4283
3607
5311
1426
997
6730
7553
8857
2021
6328
4395
7710
3550
7913
1700
1724
2747
427
7733
7398
6629
9842
2655
681
6759
3023
2064
5359
5631
1588
2498
2501
9000
3943
5188
4207
5559
8805
9981
7803
6530
3753
5086
6051
3815
1037
4583
9975
2636
9280
4429
1546
1171
6520
7643
9452
6961
9386
6198
5368
6590
5544
758
8686
8879
2522
9777
2388
8083
48
6810
6761
8587
8999
3066
4106
8494
9642
1470
7016
2059
123
2306
1322
4544
1090
3035
1551
330
6965
9611
3222
5278
6361
1057
7042
7560
2152
4383
9944
6530
3699
2048
2971
8056
2362
2873
5386
1401
2169
4159
5639
8064
7237
6090
7964
1843
6456
2153
3514
7596
1145
9878
1618
6263
2992
9195
503
1035
280
389
9219
5900
1254
5559
1193
2688
6009
7890
4539
625
3618
1380
5085
8355
1238
5519
3849
6902
1009
2476
2789
3533
9181
7887
6082
2848
948
2365
7382
416
6227
2491
9853
4393
3535
2440
4331
5356
5052
6510
3509
7454
7244
8789
6576
219
149
4713
4186
591
1398
1181
8808
806
8506
2303
511
5378
6766
1918
6280
4702
9488
394
7085
4481
1321
4714
5577
1284
6477
3204
9840
4679
7327
8969
5017
8833
2170
30
4245
1447
3598
5138
4683
2735
5656
3405
1634
1862
2469
1670
6707
2478
4200
9880
1757
4603
1946
8566
3499
3584
4673
2988
6676
2134
9173
1432
65
1725
142
6680
4900
582
9074
2614
5510
2224
110
3713
705
7345
3874
2366
160
2984
6370
47
7541
4705
1002
7107
9721
4952
1443
1423
9993
7313
1875
8154
5054
4311
8777
4879
2621
9540
7545
4334
8369
4529
8757
1828
2886
8382
589
8909
4584
5044
7719
6071
5403
6233
3411
5913
8476
8740
457
147
3063
7521
20
9736
2538
1591
5730
3689
1178
4136
5292
2420
1253
2793
2052
2429
3400
4723
7709
363
7138
2602
3535
2599
216
6604
4042
9184
7050
7883
5563
4114
294
6030
1981
9240
4284
9221
4994
2720
8242
6156
9619
8687
4136
8050
1699
2436
302
394
6890
3793
6965
7489
4817
1431
1380
7505
4330
6353
876
5974
2482
516
6158
2080
2697
6661
1275
9672
9041
2123
476
4422
3317
4647
6212
8146
8508
3154
4482
8153
8046
4886
4123
1122
7206
6607
9431
3826
6728
8243
139
3421
4342
3696
728
9182
4286
6148
945
1609
1142
5363
1218
8191
2970
8741
5887
1586
2389
8126
9659
2265
9342
6258
6187
8341
5445
8248
6666
7493
1951
8142
8702
1288
1678
4702
1370
2354
3732
4319
2709
4976
5817
9215
1099
991
8955
3568
5251
1993
4502
9744
7921
194
5509
2989
8877
802
7223
4249
2051
6404
1733
731
2412
2990
2434
1734
9357
9810
740
9181
9663
5909
3923
5463
3583
7853
7136
1424
1143
5345
6808
8176
8652
3675
6761
1552
5433
5281
2099
4122
1852
4421
4370
3153
3567
9833
3660
9697
7722
4039
1574
1207
4119
128
3724
276
7734
9779
9936
5998
4082
9968
6979
6903
6836
8717
9874
882
7
6442
9810
9620
5163
2448
3647
6712
3678
9935
8114
646
632
6264
7985
2260
3141
5704
891
2060
2680
9271
8036
8976
3806
4847
4558
2716
3057
4529
7113
4076
4271
4068
1964
1342
3914
7359
4372
9640
704
7609
4892
8877
7854
9215
5518
6668
1937
8598
8505
8073
8685
7570
372
673
2034
5782
6497
2952
731
9053
1766
1157
809
296
344
7664
5632
4760
2376
9866
7359
1215
6035
1998
918
1586
7972
2919
3235
2658
8749
579
542
7420
9671
1094
4166
1997
4390
1026
571
4505
6448
1845
1421
9614
5839
275
676
1765
52
9477
7266
7001
2687
6466
8023
811
5708
1966
3443
8548
9520
689
4177
300
2453
7177
7586
2299
7234
898
7191
1839
3727
20
2659
7166
2280
4174
5008
4220
2511
258
6033
1870
1703
977
1896
1360
7342
616
8186
7588
7818
59
47
9196
7959
5553
3358
618
8672
1536
2504
7973
2733
6491
6452
447
5371
441
4651
9478
1426
920
8484
9543
6275
5841
3635
905
6977
3678
2302
3449
818
8121
9745
290
7525
4247
7298
8768
9750
3525
8487
6869
6383
4529
550
6539
8226
2396
8461
858
9493
7103
3124
1628
2540
6380
4399
8624
8045
118
9848
4925
4800
388
4925
6807
2438
3745
1670
5382
3388
7992
5482
2917
320
8798
5314
8712
8595
2208
3662
5954
2127
8607
5975
7621
5738
6761
3716
5195
9468
3066
1329
8694
8990
8451
2845
707
3315
8697
2418
2516
5451
1073
2203
7549
6742
3659
8625
1519
1638
5356
4774
8324
6840
4929
1206
1066
4053
3393
5642
4500
3955
8114
3695
8253
7249
6142
823
7150
9027
6215
239
1809
907
3289
6352
8167
8873
399
4809
2936
2692
5097
1917
3033
6633
5260
4969
4467
4772
7066
8138
225
5245
2244
1420
7753
5316
8910
1781
8335
3935
2034
2275
23
7667
7399
5075
906
8194
4466
7412
3290
661
766
3579
3881
5530
2952
8169
7143
895
3582
6458
9259
5328
2138
4351
6468
1868
9978
4238
2432
1727
4354
2119
4572
2748
9475
7275
8941
9977
6541
3657
799
2928
2243
5545
6172
1346
8286
2620
767
8991
9285
8691
4457
7220
4171
9855
6020
1924
3114
4009
9111
1578
1071
2580
6921
573
1669
2992
5881
517
8695
5519
7725
5982
2720
9197
1177
4618
8469
2124
4899
8572
6598
1293
1253
7730
8880
4518
3154
6210
8166
8048
6781
3689
1474
5680
4726
2975
6678
9561
2374
1599
7160
1424
5293
6486
398
8752
4442
7978
405
4159
6987
9325
1257
8017
9973
4689
3728
5835
9734
7326
5527
7834
2585
7587
4546
2661
9691
1962
510
9920
9500
4334
633
6243
8775
209
628
4027
7477
6777
7927
959
4062
4506
6774
981
7986
4187
5875
6054
2744
2514
8900
8751
7941
9984
8967
1210
4175
5877
6947
2604
8146
5323
4736
4064
4099
1398
5466
2132
3299
2927
9026
1203
1046
8621
2742
2371
6932
3333
6642
6639
1520
3651
9766
711
7463
9690
4809
998
8428
6008
5855
8981
2402
2190
9256
8191
9544
2334
8585
4085
6428
3829
1390
7250
5209
6972
9296
2737
6115
265
7043
9966
6053
2795
8452
1994
7273
8231
4609
5379
6744
8284
409
483
626
3582
3670
1144
5744
9313
1432
5428
7351
3443
9636
8982
8944
575
4348
7161
7415
9679
5025
3163
384
6642
294
944
7761
6463
5063
6920
9612
6041
1561
6911
9915
1939
4388
1891
1217
2198
1535
7307
8062
1216
2539
7190
2531
7855
194
4626
3143
8991
5457
2574
4745
9296
2244
1506
2520
731
2561
2941
1567
1718
9112
8127
564
7958
4745
8616
2372
3797
4199
3697
2055
389
4107
4650
3066
803
5835
8643
7116
2175
7373
991
6184
3964
727
454
9413
8403
425
8906
3339
3468
5101
6828
9911
6127
2237
8720
9664
8791
8038
9710
6027
7993
4204
586
3836
2661
4655
3862
7422
8698
2268
4887
2405
6798
6550
2933
5042
638
3366
7799
2470
5778
417
1311
1259
6421
6825
8817
2511
6500
7751
9450
3714
3781
695
3438
4946
3002
7812
2226
8117
7350
5798
8252
7928
8591
8297
5848
1973
4084
4097
6284
1625
8849
2026
2702
2183
2609
2628
9204
1607
9188
5807
3693
4820
9601
67
862
1621
1580
4244
1279
1993
6876
7780
8759
696
4775
2329
2773
2583
4719
1184
241
1356
9217
1906
7730
6228
5018
3463
2162
8306
5453
760
511
552
4484
1273
6962
4202
19
4502
4165
3345
8115
3261
7761
8238
5421
1085
9046
4144
1236
8429
7535
1799
6361
2577
420
2906
6697
4536
1953
1846
2378
6169
3576
855
2326
7423
5059
924
7351
4147
4092
5206
7395
8681
6896
3202
778
317
3905
3736
8894
1024
4172
6514
4401
8173
3163
1536
1718
3521
3755
3819
7841
4443
6624
4410
2512
1328
455
9602
2782
4817
9868
2112
9302
4641
3182
3356
2965
9090
1120
9942
1203
9392
9217
3108
9331
7840
3950
1872
3480
2249
7494
5403
8202
1300
8991
1398
7146
5489
4903
8707
4627
3163
3134
7335
2210
9740
1154
1587
1511
1475
2826
1779
9931
9813
7111
2615
4548
1265
8071
7936
872
5017
6780
8429
8927
7470
5613
742
3195
1036
1068
6296
4140
214
5592
2883
8287
8434
1795
5904
583
392
3990
5304
6175
6567
9812
8417
6399
9753
6413
2489
8269
7512
9972
7080
5653
2529
1491
2865
348
1560
4668
5545
4450
6476
83
9500
7958
7644
2539
6668
7294
2074
5182
5307
3751
5327
2962
715
7562
6847
8232
4259
2144
5118
3574
661
5895
3828
4455
1390
2085
349
4033
7518
3324
4068
6744
2201
9903
3985
33
2125
2324
4992
1497
2548
266
1460
1415
8668
893
4939
7312
9014
8920
148
4378
3596
4570
4799
706
9750
141
2084
546
8399
8706
2886
1309
1971
9361
2697
141
2875
2064
4770
4703
2061
7121
1726
9245
5486
6657
1430
5805
8489
7118
9073
7319
5429
6777
6650
6509
1809
7276
3907
966
1187
7646
6139
9580
8530
7060
7020
7943
7408
4778
3736
8328
4844
1203
885
9739
2263
6990
5334
4231
390
7977
829
4855
8055
3946
9438
958
5703
2811
7125
2343
5075
2902
346
5723
3102
7522
1587
2199
3794
6140
1371
7036
3403
5961
9554
2632
2448
4203
7910
4870
2227
3762
1280
354
1259
3221
8225
8751
8304
8786
9967
2636
3303
6338
7035
6740
1182
9056
2421
6421
7995
9227
3858
2787
8976
330
813
4110
145
5248
2027
6674
6409
3297
4915
1934
7178
3619
1390
1879
755
3800
363
6253
2535
4459
2119
2461
5932
2697
6315
7801
8321
8994
1766
8678
7075
7039
204
5108
1810
1719
5567
355
7920
893
6989
8628
3065
8796
6154
9005
1865
7478
400
5122
6251
6712
3748
16
3086
8803
8683
5515
3741
7799
6205
2331
3646
9840
6361
3010
714
9845
2489
4993
7711
7423
8615
4220
1299
9815
1983
5019
5786
4931
1863
2083
1354
1651
8925
436
8813
3222
9104
5187
38
5410
529
2507
4440
3508
1451
8880
6323
3269
65
5269
2704
6478
3367
8942
6607
2381
9956
4248
4334
600
3463
9192
1565
5233
9655
9281
6321
5595
2383
1658
6422
6236
5242
5263
5640
3844
731
5766
4915
8573
576
8693
4089
979
8983
2243
4372
2373
6162
2780
829
1644
840
489
5725
3596
6796
479
2017
6586
4722
6214
6147
2093
318
5021
3239
7671
223
5932
3427
3141
5149
75
1795
9333
5663
17
6795
7544
2768
7839
5630
9016
3794
6462
6095
4748
1747
3558
6583
5114
2016
2129
3126
9436
4583
6271
893
70
9041
8091
8379
5606
5456
8125
1718
3741
4997
7378
9500
286
2486
6713
2299
228
1822
6815
8990
4105
3685
5342
6665
6660
9857
9121
1927
2130
173
1867
4833
9912
1529
169
1410
936
6482
3317
1257
4659
8275
1420
4927
5934
4108
6754
3130
5511
4115
7701
1377
1721
633
8255
3184
9423
2462
592
8398
5910
1462
9195
1725
7094
1725
2079
4818
4274
3754
26
4854
9102
6481
153
3404
6160
1435
6450
1924
8890
4025
1718
5343
2295
8391
7553
3028
8164
2046
228
1810
6689
9980
6774
6967
9768
2296
4646
7713
5405
3344
9923
4611
4038
1989
9104
378
8349
4346
1586
6753
8180
1833
8987
2561
3465
3303
6861
1821
5898
9449
9863
6557
7786
9494
3188
5768
9877
3903
3444
7096
8752
7405
7514
2441
1300
6873
1944
6419
6221
6034
776
8888
6686
4746
541
5359
9208
3330
9865
9458
2202
7975
544
9381
1626
4317
2620
3768
389
3068
499
7855
6148
8631
5670
688
2672
2900
2635
4445
6439
233
6541
1106
4271
9668
3859
5649
9211
5903
7550
1804
2140
5089
839
2147
809
376
2088
8111
2529
1541
4281
1694
6832
265
7327
1504
9265
8767
512
2497
7540
6761
394
456
9056
432
1172
3231
9498
70
7573
8996
9031
5183
1924
9071
5342
5839
1439
7445
1313
2469
5248
6508
1917
1624
1021
4704
2144
7329
5199
9270
1004
442
4981
1648
185
2261
1162
256
6271
2656
6580
1600
5523
2343
799
2256
9874
7722
3353
1921
2780
4225
303
4243
2691
9806
2584
2682
4469
8370
10000
7510
1877
2178
5784
4738
5057
8379
6188
9533
5904
3796
7893
9992
6986
355
2608
8928
3692
818
3342
4892
8459
3811
5566
4729
2313
5218
8984
1028
7655
4138
1899
3383
3690
6187
1114
216
7633
635
6129
686
6645
4170
9359
7750
8113
8858
8943
8661
725
8766
2519
6750
6438
690
836
5687
6888
1581
7253
1303
5838
5506
5400
5410
9073
9997
4882
7305
128
7804
1779
1227
8615
3307
1657
9952
6323
8260
8916
3384
7844
7447
4826
1087
5828
8487
6203
7188
8855
8693
7255
2107
8020
1345
8687
4463
8067
6142
1066
9500
5783
1126
5913
6556
4877
2974
9373
5951
5590
362
2551
8449
1026
4356
7040
5767
3997
521
4362
1658
3599
8596
4455
8007
382
6384
3625
6534
5351
6008
9241
6266
6093
8769
7755
1656
369
3787
8850
5531
5378
8355
9088
6024
886
1997
8769
7389
2106
4272
1065
9407
1143
2178
7147
2309
8438
3350
9596
5503
3014
1522
9047
1339
6347
7526
5745
6632
200
6906
2032
5516
4480
3432
2520
3396
3754
1722
5222
1291
6803
9684
208
5868
6152
3637
3693
2587
8724
827
9665
7601
551
693
5724
4422
2856
2188
7540
9477
1356
4036
1999
1466
4408
8175
7749
8510
9523
9892
4437
1543
1295
8094
440
1593
7930
7719
819
6850
3264
8167
6113
4181
2099
1000
2880
3957
5725
8940
10
532
2693
2960
9127
4908
465
2098
1665
6126
1035
1714
4520
6490
9815
533
6855
3950
3188
9712
5319
5682
641
7811
7666
8947
3665
9843
1419
9886
7778
892
940
800
1547
2007
3856
1644
1748
1641
370
1660
1306
172
1941
7675
2083
7730
998
6499
8814
8214
6815
99
4927
7430
5038
6259
6970
1326
2309
3658
8398
854
1170
2560
1588
7280
530
3440
5608
5706
6418
112
6919
1563
3238
916
1609
1803
861
9615
8034
5139
3301
9852
9523
1624
5387
61
7302
1170
3190
5457
7994
8562
4149
7051
1131
963
2485
3569
7654
1823
8807
9906
171
8261
546
7995
8468
4570
4725
1564
2549
2943
2832
1734
7781
1921
5091
6648
5660
2870
694
1435
7997
678
3611
2330
1430
1320
2497
4038
53
9984
1291
3513
7998
4885
8833
7737
2682
311
3476
5728
4866
4624
6295
8505
2380
4010
6973
5741
4917
6002
2590
2016
864
8028
6974
1573
5614
4392
5103
1129
3230
7107
8533
4062
9207
432
5898
9398
6372
1928
8292
7844
8735
2032
7412
1661
1489
3275
3073
6644
5352
7919
9476
6359
4538
1132
8100
5844
1450
3994
3205
1552
5865
7042
9949
7033
2782
6144
9607
9274
1609
2023
1260
1535
4244
2022
5502
1434
2603
2026
7414
8245
9118
9284
4785
9593
3524
204
2839
1327
6882
5558
9773
9060
3197
564
1403
8562
2348
2108
8959
6861
2562
8428
1987
7243
8890
7531
2717
9560
403
9505
7702
5624
1310
4074
4782
1118
6118
9622
3486
1021
4496
9525
6141
3373
5954
2610
5207
8833
6169
6189
250
8694
8886
4829
5459
1598
345
2038
4041
9278
7200
1879
3624
7909
8897
9575
8561
9070
3335
690
1552
1351
8746
9646
3711
1251
1426
3347
5657
1453
2684
2330
8144
4510
5726
7380
4179
817
2616
2335
58
2565
2491
5013
8548
2115
719
853
8052
320
2751
1638
7767
1093
1496
8521
9481
7118
9619
4335
729
2383
6670
2251
4602
5549
321
9160
2635
700
959
2990
1417
4597
2332
6161
594
5915
1327
1819
3550
478
200
396
9306
1375
7555
991
517
5205
2637
1294
383
2703
1382
3752
7182
4555
9864
178
690
471
8664
188
4364
358
3802
5046
8795
3797
1609
4162
5415
9422
8071
9051
2561
1213
834
7975
6714
5713
2537
2409
3795
3077
3645
5178
1813
5776
3643
7369
8498
6169
264
5120
7980
799
2238
8313
9701
905
5399
113
4070
233
8711
9388
3140
1974
7119
9241
9104
7578
702
2791
6589
4825
8763
8184
1719
3891
897
4597
9891
7260
9402
2290
4177
74
2303
6772
777
9198
8398
7984
1077
7495
6558
7349
5867
147
671
4029
6015
8472
4005
1712
838
4386
8375
4970
5725
6158
194
5422
7915
7254
1588
9515
468
2141
5846
926
4240
1294
3721
6632
2523
64
8772
1345
2014
109
9324
5964
5838
339
342
909
596
554
4297
1049
8253
263
8360
7565
2067
3088
8046
2386
4427
6929
6810
8207
448
7695
9118
8223
5632
2763
1842
3941
2069
281
6622
909
871
1090
6936
741
9137
4471
2987
9708
1025
2631
7705
5673
3827
4050
9105
8111
9232
334
4628
208
2819
2954
9749
2704
7692
6386
4976
1867
2969
818
2445
6345
5170
142
8196
6800
3411
5170
5538
5851
9663
9493
2637
6859
1123
1779
9733
6139
3657
2524
2524
8216
143
583
8183
8864
6055
1531
1173
4314
3632
383
2383
1991
6693
2879
625
8839
5124
4034
3225
9391
8785
7515
7517
6857
8332
3037
7841
1997
6544
9634
4745
3215
3198
2605
8860
3273
1978
9231
7226
1866
2195
3831
1135
9183
7929
1725
6216
3537
6890
3105
9189
783
2446
4863
3264
3869
1812
2470
3214
61
9564
9305
3795
7582
278
6
3627
8578
5707
4789
8182
340
7707
2835
803
4265
2502
2304
752
4502
3311
1237
1217
2099
3694
1210
4591
5791
7141
7079
7507
1412
9989
3450
5972
8924
2289
584
4508
2435
4163
2247
114
1407
6734
6955
900
9662
1333
8975
8274
2271
3738
7943
2803
4884
9480
4964
8930
1909
3573
6216
8089
7049
7923
4410
5825
705
3190
7260
2633
8581
8795
1611
117
7507
9526
3639
5577
1109
940
3140
6614
9843
2899
2319
1011
5064
4054
6037
272
1209
2350
2657
5895
7444
6301
1572
8933
4389
5085
842
9304
9599
9417
9930
6312
9705
5546
9919
6394
9350
676
2165
1859
6074
8578
1349
3082
810
7263
309
866
9603
3926
457
342
9149
3661
287
4662
5601
4830
1722
465
7545
5910
7452
611
3224
705
7946
9553
6746
8262
9387
1122
7820
1166
4369
6432
1903
4555
5163
9519
2697
2439
9866
9950
2029
1371
178
636
1356
5729
3715
2237
6092
6523
5929
7645
1288
5669
529
5891
664
8712
9646
5306
6098
6881
1370
348
369
1442
9488
7760
261
1240
714
5110
6491
8093
1302
1040
1135
7534
7455
4307
9455
6799
1385
1374
2978
2013
4524
6427
4552
9876
2053
3572
6083
4547
1929
1527
7079
9037
8140
6444
8990
1201
7954
4695
6256
6396
6291
10
4113
9213
1460
381
2394
649
3043
6784
2604
529
2979
4047
2403
737
1690
8871
2648
506
743
1305
3449
1282
247
9148
2509
1338
1657
1144
8354
6144
2673
1009
858
1718
6603
2192
214
9283
1633
1576
8641
9529
5758
9047
4288
4807
5139
2412
7592
7551
4857
8424
1440
2186
905
3240
9673
2651
7017
7074
364
33
3320
8525
4402
2449
8875
2726
4298
7812
2153
5553
3718
5469
612
9132
2519
3965
2185
3658
2411
7690
1978
6271
1859
1357
6713
2647
2426
2588
4344
5276
403
6360
5999
2536
6402
5255
4926
8535
3806
3108
35
8465
5701
6789
7646
3878
3792
5693
2420
1402
7225
6612
9393
2868
7755
9540
3008
6786
712
581
6304
7647
9905
3483
1055
2343
6513
430
5450
9114
6746
3179
521
6624
3845
1145
4853
3036
9812
1998
5867
7156
155
7523
2277
9184
8254
9237
3863
3328
8636
5278
679
6259
6381
900
9264
7205
5783
5791
7337
8600
8903
6097
2050
135
1567
2641
5342
999
5594
8792
2360
8991
712
1776
8159
9754
1334
1322
7619
9274
4461
6239
5909
591
5119
2633
2906
8472
2189
67
1521
8537
3836
5534
1797
1822
7513
7365
1812
6798
9467
9283
9393
468
2568
8244
9687
7594
4443
9497
5823
4343
8916
544
4484
9227
4720
3844
8533
216
634
1200
2363
2340
6722
7994
3979
3836
1725
5086
7614
4106
7534
9511
1503
1706
7396
9478
7397
4826
9411
3068
4290
2048
6887
1722
2314
3697
7094
4219
8664
302
8486
3584
3806
833
7744
45
6012
6585
1171
322
2915
9539
7515
3885
4730
1082
2723
1709
4176
976
3080
4170
7571
9693
192
1443
4897
166
1932
4584
7325
386
1738
9130
7684
5018
3166
6623
6816
8735
8049
8506
4076
8816
9370
4107
1082
5227
8541
1459
2498
2980
5601
5003
8955
2837
343
7205
5615
6677
535
8594
1738
7611
1613
662
2643
4996
2564
2729
4046
9972
7649
9823
1505
5065
1908
3018
8534
102
9003
6159
1025
9647
439
3366
466
8064
3010
1878
2973
8675
3681
7201
1704
2914
727
7451
6292
1049
7755
1729
9632
3776
6027
8136
6266
6056
1712
755
4871
1619
723
9689
2470
9961
7137
2661
8400
2984
795
7552
5058
1787
3761
2493
1918
1022
1393
755
4751
8097
7706
1520
8700
7420
629
9292
1775
2498
1446
284
8309
2249
4480
680
7432
7545
7479
6351
5020
6226
5994
3834
3384
6275
3712
3854
9654
2152
2849
6581
3100
1236
857
1135
7883
8127
3065
5589
6567
1442
4319
175
1336
8257
7975
1446
1633
663
2097
3500
1328
7449
7829
1243
3509
1507
7013
9036
2614
312
4034
6313
466
1897
7265
2437
8085
7987
7406
8538
1531
109
4082
7362
7944
4162
3074
746
1448
4989
4936
6004
2594
7330
2454
6749
4418
9797
456
5855
5543
533
8041
8855
9402
7224
1993
7353
3409
6269
4653
8866
979
5902
7799
543
2557
2741
6872
7628
7300
832
483
8592
4523
7576
180
2071
4679
862
8609
4959
3617
8871
2128
6791
9277
3466
8953
645
2233
7111
7197
3751
503
5323
3079
5085
2174
7793
5090
3749
270
5915
3771
1590
5395
913
1016
8145
748
761
7657
5364
1820
9639
8782
7457
7344
9815
4298
5440
1667
1833
2662
2352
4655
5052
6377
883
1460
2447
5910
8283
3790
2596
3143
2623
3922
8325
4665
4051
4200
4027
6023
3383
8336
941
1883
1870
5982
1798
8563
2161
4792
3850
7297
4741
9266
3642
9157
3435
2119
9782
1678
9623
1947
3411
255
451
3087
126
4991
9157
3429
1535
979
3694
84
4672
2240
7492
2686
656
4524
2370
1728
2067
2580
8510
3593
2589
8964
1068
7359
9439
7202
2609
2879
7233
7307
3899
9075
3809
2786
3743
3017
1563
342
1042
3793
5449
356
3772
71
9500
1037
4922
5795
6412
4154
4932
9245
9724
1116
478
820
2082
5912
5762
912
1414
7044
4621
7878
1736
8539
73
7133
5335
2471
3004
1087
7215
3664
2143
5874
3315
3039
4273
1816
7836
1816
4493
2947
8592
7016
2889
5949
9398
6474
2352
7191
6873
1057
7107
3152
1755
4129
9627
9529
412
6270
5522
6166
9403
3754
2179
4647
29
3241
7711
6120
1083
5064
6898
3782
1840
8605
661
9396
1332
1712
4869
7980
7475
5946
4212
1129
4434
6669
4798
7380
7298
9492
4606
3662
2469
7452
8210
9902
6673
2132
2588
1003
9155
3089
8299
1485
9525
3909
6218
9311
1619
8608
6711
199
4491
4392
6087
8473
7972
4661
8264
4680
8368
7664
1863
2478
660
7437
6547
3663
5991
4582
161
3033
3305
9243
1297
9839
1879
8727
7584
5350
2252
6612
8800
351
1066
2385
8486
3351
4985
6307
3618
8843
3407
4090
3428
3024
9249
1622
7181
9681
4296
4938
3444
7514
4120
3807
6010
8821
8237
9403
2848
371
9015
6564
5735
62
519
928
2760
5436
186
6735
901
4102
9606
6459
4879
8906
1763
2078
6554
222
3612
6389
3822
5718
7669
3988
3472
5223
8111
1130
5696
9805
5947
4534
8564
3306
2507
9866
325
5904
6543
5231
4903
5345
6030
1930
783
773
5523
7805
5857
3740
7834
5441
8280
420
5515
9458
1161
3725
8423
4107
2649
1211
880
5220
318
7484
5166
2361
8196
9131
2511
3549
6866
4276
1918
3743
4076
5240
6104
7500
9962
8276
5499
6373
3864
5901
1312
5746
1311
4127
7962
4614
3060
262
9903
8549
479
6812
5735
6580
6223
3764
5875
7601
1709
6022
3919
3986
6062
4893
2875
6786
189
6989
5318
6777
456
5177
4204
9147
2601
1348
163
5012
4647
7526
128
306
510
625
6095
2308
9853
7189
9906
225
1871
5297
5017
9756
2573
2122
691
5447
5378
8161
644
326
6302
10000
1592
4581
158
2661
4167
9900
2428
611
5226
9810
2787
6149
8301
1568
1831
1060
8901
1191
7938
1931
6675
1460
577
6985
3737
195
2513
5190
3933
1235
6948
3626
7436
6664
1096
458
2689
2726
4250
5860
1590
6701
9974
5726
9050
5232
3267
4698
947
2730
5245
3645
6694
2819
7106
9343
8917
207
3330
9365
3352
1496
6304
8046
1183
4173
3438
2251
4151
251
6328
1123
9403
8619
112
1285
9677
7484
8106
2767
5157
2931
8344
510
3049
864
2025
2263
9694
8818
6013
6022
1710
6413
1116
1221
6074
8348
5496
672
6081
9778
7712
4678
2642
4597
8759
2642
8927
7517
5892
4826
6131
7881
8235
4952
1125
403
8028
3080
7789
757
5194
9457
8150
139
5423
8151
6372
4587
958
704
6184
6387
4745
150
3539
8898
7924
4733
183
3370
3466
3013
7796
7828
9598
7281
5409
2324
6180
5097
5945
1518
257
8014
297
4602
4401
9804
7366
7988
3800
756
4036
4007
7675
3291
8117
1642
3295
381
1470
3627
8802
7126
4033
7180
4633
163
6102
828
4842
356
699
9687
1499
7924
2110
2272
3290
3116
5368
2270
6142
517
2156
4340
1278
5196
7888
950
5313
9227
988
7417
4405
6774
3585
42
9220
6916
9740
7890
740
7935
6842
9080
3966
540
494
6167
162
2062
7713
1921
7624
5864
9401
2405
3162
7395
925
3565
8096
1567
8808
4411
6684
7533
2381
7445
8456
4908
8570
1566
7900
7346
7423
7671
6388
2334
1456
8150
1457
6588
9993
7286
1567
9496
338
9295
4839
2918
788
1463
518
49
5179
3129
3806
947
8444
118
1115
7701
1176
7689
1480
2375
2050
3134
6707
4898
3949
630
8143
2604
1593
1172
7737
1996
5872
1116
9581
6302
7596
2477
2361
2441
2220
7100
7842
63
2519
179
3494
5669
6320
938
3938
8309
8586
69
2085
2176
1565
1021
2324
3063
153
3316
7887
9067
2619
51
1796
819
9726
5206
5395
1631
9460
5931
8162
4971
9141
2214
2802
7078
167
3769
6097
9171
5919
4466
1665
5999
4231
8357
3400
6884
2640
380
2986
1534
9066
1596
3189
5709
6578
4106
603
8394
1066
2542
9733
6189
6639
2199
997
5310
6296
1950
6077
2186
3962
319
5502
7784
3124
6678
4676
1725
439
3190
448
5341
2805
1792
3830
7251
5807
8866
8185
7555
1383
7630
355
8510
1597
1340
953
3334
7384
9026
365
4386
3651
4707
1174
9603
2987
8870
8446
3976
5334
2266
1371
6016
9910
2758
6624
7695
4397
565
2020
2898
3859
7969
659
2694
1622
2239
292
7541
6290
157
1051
6003
6945
8247
4400
3112
1509
2831
3680
4303
6292
7822
7138
2511
18
8854
7308
5255
9285
2747
7974
2255
4885
882
6879
3772
2579
7191
320
1141
3276
2741
4750
8772
6829
1874
1188
623
1017
2537
1104
9336
6073
1468
7276
7825
1252
6057
1680
2420
6735
348
1126
1346
5494
6998
8078
2746
9659
2653
4324
5228
3246
260
9214
3166
4543
60
2922
4032
5712
8042
8120
7211
1230
43
3299
8383
5297
8118
1142
3181
8498
769
236
1010
5821
4727
3385
4886
8007
2008
4807
6019
5746
2273
5028
1162
7886
365
8506
354
9970
1644
1118
4802
2107
9012
5934
193
6788
4869
5460
4732
119
2801
1584
7208
1715
1324
294
8665
2095
3872
723
4850
4957
8884
70
3470
146
8350
6060
1726
38
23
396
483
8999
3534
2357
9919
7763
6687
1700
1303
933
469
2362
1020
5359
1821
6366
9595
4650
5486
7471
5409
5241
5206
3357
9538
1173
8198
4616
8172
7876
9329
6313
5832
1531
1233
1728
1041
2134
1723
2525
7560
5765
6420
8979
8646
4650
7331
1993
3619
9424
3785
9667
9271
5598
5198
3969
320
3532
6558
7959
9300
9014
4564
2061
2231
350
1125
4119
7694
1222
4209
663
741
463
8534
7057
5870
3820
3973
5936
6491
8426
5401
6679
366
9668
8901
3819
5502
9121
4237
3551
2605
1921
6807
3663
4265
7129
9155
9890
6367
987
1690
9978
2982
4666
3315
1437
9131
2812
9484
4249
7161
7456
8358
6019
4972
8498
5825
417
3510
5324
4507
6377
3473
9712
2147
2745
8021
9028
3730
4777
8669
4796
2253
1630
8997
1806
2500
6176
7223
674
3838
1357
6086
3337
377
2719
26
5008
2636
1340
4270
3317
2032
6798
1334
137
2751
3762
5557
9766
4651
2036
1325
3426
4530
2379
3929
8036
1984
1776
1288
1095
8629
4517
2458
6686
4409
2724
4816
2295
5470
6997
6447
5299
1173
2692
4581
8356
1331
6770
5967
8551
4181
1371
3418
9524
6001
9049
9961
6068
1823
7959
3127
707
457
8280
9741
838
6494
9496
981
863
2077
8931
7440
1726
3217
1157
2886
4170
3911
6354
1548
3920
5976
6167
1915
5915
6387
9600
2478
2405
1770
891
4123
5245
4768
8333
1830
5690
673
4644
2515
319
2451
5981
8923
4079
6380
199
9344
7555
9828
3768
6100
7129
6156
7326
3367
7295
4255
3752
1136
3504
8504
1494
782
622
9252
430
2431
2162
2377
4529
9600
5984
967
7053
2998
398
5806
2580
6637
7590
3425
2029
4927
5993
5002
6665
519
8535
8717
7897
4326
685
8401
1599
262
7390
5980
3154
1214
2197
9503
4725
3701
9513
7010
4954
1578
1442
6336
7507
8099
3531
663
2521
2068
3817
2489
7985
4627
6379
2198
2956
6410
2451
1998
5021
1004
740
9265
689
1052
3227
8569
4490
9706
2739
507
4252
2543
7300
4202
636
3883
9276
8044
4997
301
465
9985
1533
5907
7749
7665
5447
8786
2170
6757
4794
3176
6040
9498
51
4625
4782
4097
5062
2087
4901
7466
651
6973
3547
8098
2374
7565
8894
7082
967
1136
4055
4091
4004
8623
1434
8631
4724
3287
3163
9841
397
8226
531
383
8319
7812
6339
9230
4131
3203
9880
1672
2687
8523
4016
3650
4043
9537
2796
905
5849
358
3734
2798
6848
462
6405
7454
8505
8785
5310
2567
526
1026
6093
8936
944
767
3941
9577
1368
536
3428
8523
1728
8515
1866
641
8946
8078
7100
7647
5121
6951
9668
3794
7960
8697
731
1504
9040
120
3978
5953
5861
495
4781
7182
6203
6840
1881
2137
125
3916
4240
2894
6438
5307
5746
8552
9603
9358
9798
8758
4329
6938
282
1695
6147
5720
8199
1460
6943
6404
3864
7942
5226
4515
3292
8760
2441
6424
8250
9142
5737
5528
5653
4038
6617
5996
5328
3789
4983
6359
3523
4534
151
9545
559
5278
507
9043
8927
6851
1200
2716
5151
3407
501
5012
193
2319
834
5879
9390
4217
9990
979
106
685
4897
878
4075
6923
3268
8258
1083
7509
1029
5498
972
5782
1047
1298
3211
9444
5322
105
9048
1378
6175
1802
9765
9817
926
300
2669
7913
3883
9927
2984
8714
1207
56
940
983
4627
5511
4389
9069
2074
9798
1320
1376
6991
7468
1524
2623
1189
3891
5019
585
9790
2591
9856
2065
5094
3521
2017
478
4864
5450
4310
709
9377
4068
1434
3163
140
4765
8298
1141
158
7877
8588
8851
6779
3194
674
2013
744
3666
1855
2220
9803
9130
4025
2108
3008
6412
1311
6320
5133
214
8749
871
5000
488
9326
7582
2872
9485
9537
8966
6057
4975
1855
2999
8068
3701
3180
4853
7069
9454
3836
3330
1119
2130
7704
1844
5477
3046
6529
5080
7803
2001
5605
6711
4805
2861
9407
5288
7869
1024
2243
8327
7843
2299
1226
4
4960
2098
667
3391
5003
8318
3500
8963
624
9120
967
6480
606
6231
9135
2253
7968
6483
4357
3517
5582
6235
262
7026
6629
8620
5192
2784
3652
4258
9525
2979
3544
8316
2166
1491
6059
523
2708
2791
4424
9980
1291
3464
7634
279
1617
8567
9941
1686
9125
7122
2493
8857
5963
7699
4326
1098
4567
281
2756
2301
6135
4731
6356
8474
4118
2490
739
605
511
950
5069
5246
3567
7396
7560
3773
7486
6143
1714
7984
3134
2205
2457
8785
7141
9139
890
2401
3960
8235
7259
9378
4233
4996
2381
2739
371
8571
8988
1836
3586
6505
7097
7805
7321
9581
5290
5731
4046
2332
8800
3643
5320
8454
1833
7273
9916
2875
9927
1595
8836
2909
3794
1641
9714
439
9817
7472
9412
7999
6974
6224
8568
9448
5955
2899
9489
5707
5791
4975
4090
3110
4853
2045
6491
1638
8743
7082
6970
130
7031
8398
2067
1111
2895
9516
5035
1883
8850
3081
1601
6812
305
7281
5879
3929
1842
6422
8880
9236
4095
762
4202
9686
8283
1695
2093
835
6906
2476
6468
752
7009
6579
3932
5730
2395
6625
6443
9848
3342
7862
7476
8828
6350
4486
6967
3798
1408
1087
4477
1410
3602
2155
7525
9123
3945
680
7753
8440
8410
919
3141
9821
8349
3330
2120
1893
8495
6401
139
4551
1911
767
2210
9479
843
4360
1537
9830
516
261
7138
5084
544
3116
7156
9253
8678
514
5429
9082
2639
4146
7203
6578
1523
8195
3423
9112
4689
5476
7187
7599
1316
4795
1158
1971
5122
3855
5853
9730
4246
9666
660
5355
1217
5715
2750
3765
236
3987
5561
1779
4577
8167
2662
7190
3451
301
7576
9140
75
9218
1370
5832
8604
6371
6005
7290
585
6963
4434
897
4126
141
5181
8934
7517
4154
524
1578
1122
5620
7695
3322
4808
2188
7319
1986
3037
2201
8955
9808
2115
7267
4729
1947
1737
1503
4154
5268
1466
3643
57
2123
900
7645
6549
4773
6940
7975
6645
5772
3056
8445
6012
1048
3980
4154
1694
9293
2865
6032
3809
5028
2803
5230
5863
9407
7890
6855
4875
3511
4828
2593
2057
4664
1760
491
9716
672
4278
1618
6610
3588
8669
1686
4874
2835
1109
6281
8402
527
7503
6280
8562
3721
8034
7452
7165
7532
3455
5907
2080
8477
6103
6779
2491
6705
3115
4879
4273
7744
2691
2101
1403
4728
5347
6918
513
2645
2508
9520
7243
2336
7967
8089
4277
3654
8232
5317
978
5338
4040
26
7090
8861
786
5138
2743
589
6123
2128
5524
4876
940
6871
5799
291
9689
2535
9337
518
87
3561
2883
8297
4490
8957
9427
371
9420
641
1743
7074
4469
1237
5865
4976
9975
5342
9684
5589
2857
3144
5110
4268
2311
7647
8367
6602
1976
3119
9625
5964
1360
4058
2703
8913
6518
5962
4355
9961
3224
9512
9387
75
6014
8381
4540
2141
2061
9334
6746
671
4606
6717
2079
1433
3998
7654
394
8615
7238
71
7065
2881
3901
6476
5114
8848
9949
9609
6814
7358
6867
6754
4863
5214
9163
5415
8356
8988
6572
5028
83
4501
4640
9528
5654
2426
487
548
5265
977
8652
9911
4754
2941
3656
3943
2314
2463
2661
9986
4731
2509
4869
8694
147
3681
853
4190
5496
2997
332
1838
2404
4367
2681
7841
9700
2151
9100
2561
3547
3568
9682
9814
3196
8358
6631
6626
295
1045
3448
9533
7907
4203
7351
397
1006
207
2770
1673
6017
6657
1301
5149
216
5555
4895
5808
9952
4985
5523
356
673
9357
4705
6542
1998
4662
8900
3431
5002
5578
1388
4114
3550
9010
31
5663
8697
2605
7515
7183
7383
5767
1968
4617
2741
1979
2204
9932
2323
6919
2742
4870
4794
2079
79
1973
945
693
7670
1996
4475
8439
3707
3640
739
6809
1462
7028
1035
1157
9673
7929
1697
2208
419
8634
5763
7246
3670
1839
7364
7257
4876
3008
5087
1326
8614
3108
9996
5833
212
1466
5009
1699
9612
1449
1499
8024
3028
1299
4093
1374
274
7935
5703
5634
5879
4327
3323
4661
5879
1039
268
312
573
3176
4520
9155
2332
2067
8216
5548
1096
4185
1157
9894
7526
459
9725
9160
6178
8486
7734
1856
5104
7417
6323
9015
9333
330
3252
1687
1862
6629
3635
9242
6849
2518
4316
85
9707
6090
2076
309
8793
2305
5726
3417
5091
8711
3954
4496
3494
2867
4543
9204
858
639
2346
1399
5667
1241
4408
2716
1099
5593
240
4986
3552
2452
2260
4492
1193
4768
8225
2205
9071
8410
3621
3426
3626
9364
2897
7160
4858
7459
9200
1408
3447
5288
2743
4072
7067
397
1132
1837
9518
34
6427
1789
6130
360
1623
7985
928
5583
2415
5563
3298
2123
6930
6940
6435
3468
7139
2521
2980
6782
6336
6159
769
8637
8351
5476
8547
941
7098
64
567
7178
9790
7213
95
9595
3934
331
567
1133
573
791
2906
9037
9836
6204
8806
4421
4672
4794
8942
8555
2679
5302
9935
310
189
755
3493
3683
8698
5344
3070
3831
1487
2129
3791
550
49
3762
9910
3603
8804
7145
4928
712
2011
2092
6939
7976
895
1507
3887
7540
7679
5919
1737
3355
8375
9435
2584
6469
8884
9778
6139
7458
5622
2417
3930
9582
6311
6367
3509
3064
9547
6122
4762
8516
1384
707
1787
7773
3081
733
4558
4463
4573
945
8951
7636
3205
6054
7635
3117
6094
5168
9798
7875
940
8342
7288
1790
2856
7000
9596
7478
8187
5297
2337
1480
5211
5081
5212
9804
1445
8319
7765
1557
4860
8549
801
8136
5152
8459
7760
1713
8099
241
6056
7250
824
2407
706
3772
5309
376
8387
1619
1979
5558
3181
8446
6235
6871
9367
5181
5307
8961
5915
7022
9362
1058
5727
496
3792
579
4902
777
8153
3421
6135
8406
3299
3197
2158
866
5854
3668
9314
3689
8356
8338
3959
4220
5457
2964
1780
2903
1397
2363
4248
6097
6087
496
1385
7173
8876
1349
2141
8639
7769
7293
2172
984
6565
9838
9686
9910
7698
982
8257
1470
6622
8380
8629
9579
436
7177
268
4323
6617
2614
3604
4456
7908
279
1879
1276
2029
1321
4317
9593
2250
8600
6592
8048
693
2004
8624
3713
9538
6117
7544
7866
3488
3740
1217
9571
4221
7484
789
3145
9743
505
7655
2041
417
1824
6065
1040
2282
3287
174
3905
3460
9318
2729
9478
5932
983
8214
9354
6629
1497
4255
903
3074
251
4114
748
9188
8791
4057
961
4192
8445
7369
3069
2997
9634
944
4280
1612
1656
5752
8877
5985
2816
369
5810
1633
7533
2222
9883
2484
315
6383
955
6909
2592
2543
93
432
5697
7231
1715
3556
2153
4850
2188
3289
3445
8266
6699
2795
5843
2691
5014
5431
2157
4047
7164
93
1264
5554
9850
4407
6082
3902
1824
2857
451
7330
7167
6842
6963
3918
6
3298
2357
5035
1086
2724
5458
6232
9122
2622
1345
8232
7091
6734
1797
4746
4315
8247
7863
409
2544
2421
5846
8774
1356
29
2365
6594
9194
1097
1044
2480
4483
1827
8633
154
187
991
960
7795
1957
8685
1432
9677
3086
7551
4193
9900
4856
4904
2491
7355
2757
1414
2512
3869
8056
8338
1877
6823
438
8598
6092
4956
9986
3886
1102
3576
346
4337
8775
1282
1804
1521
8226
7163
781
6562
7656
3388
9803
9048
7459
4256
1249
692
1447
6813
2779
640
8611
4569
3899
4072
1652
9834
5403
4396
7659
8734
7764
4499
8048
8076
6543
1842
8855
6427
8393
1774
8498
3842
6988
4302
7319
7344
5820
4420
4947
8909
1503
2734
8271
7520
1313
3272
4195
354
3046
8452
5048
6354
6305
4237
1458
7707
7477
3927
2061
8803
8410
1147
8887
6342
2131
6163
2703
5683
4701
2257
9469
6212
5322
1220
4338
5124
383
4669
5425
668
7579
255
7790
3838
4105
102
4773
1686
8263
7769
6062
2925
2056
1971
6224
9648
1607
5838
4788
1169
397
2113
1164
5692
453
8411
835
7965
5854
6064
5670
6912
481
6949
6484
344
804
6902
8994
740
4909
768
3458
5792
9291
9787
4836
7272
5841
8104
8061
8530
9684
8460
344
9068
8232
1259
5099
9459
5670
745
4955
9974
2193
2013
6738
634
6473
3239
2048
4815
1311
6659
1855
7235
1578
5630
444
6406
5913
6216
7555
5326
7002
1259
2554
1740
2347
4123
544
3086
2047
8559
5767
6118
7203
1871
3009
603
3761
5966
8791
4766
3717
2122
2175
9920
9118
2626
3998
6226
5255
6999
4380
4717
9367
7029
1960
1092
1606
3236
1132
694
5937
4843
9219
1896
5119
356
3063
3443
8516
2966
5471
1737
9030
1246
8649
6574
847
6623
5077
9589
7955
5757
7427
2696
4226
7780
5196
956
2704
5006
5831
4196
4259
8724
1653
4773
6204
3172
9679
2410
2554
5909
3569
7784
8203
7223
6054
1061
7205
4494
8486
4101
4916
1361
8893
5317
3301
6541
286
4380
4690
4944
7992
1102
8206
7587
8039
4195
308
3431
1710
9127
7499
7491
8724
1412
2845
6188
8013
1773
4600
6903
427
3819
4932
8395
7060
9774
9814
5675
4949
3628
8964
1506
5975
6222
4938
2607
5809
8827
5165
8883
1326
820
2638
3129
737
8643
5217
6150
7622
8238
6479
5537
4027
6480
1913
3316
5215
7785
190
7491
2137
4644
4814
557
8684
5498
5887
5985
2089
3782
864
4691
4006
2009
4301
3103
9102
3646
8866
2524
2361
7280
9491
341
4878
1802
4892
7220
2726
9440
5124
864
7890
8125
9416
1529
1104
4940
8453
8177
8169
618
2613
653
239
2812
318
4876
3013
5341
3527
5367
7487
4091
1788
7818
2733
1491
5252
1378
5041
7657
4050
5688
3481
1213
3993
7869
8761
3386
1539
3430
9497
2881
739
3977
4895
1718
1722
5240
5822
1865
1287
2143
6031
3927
258
7193
4271
8162
2267
6167
5385
958
7902
2883
2645
7501
5962
1058
498
5278
19
7016
1215
3330
692
9281
2320
4511
6584
2013
5039
2264
1051
4955
2642
412
6061
4249
3100
1950
7559
7675
4758
5158
3585
1626
2206
2566
2323
1055
5696
7887
3035
9696
933
8404
270
282
2938
9807
3410
8497
3410
3108
5147
547
1438
1699
3556
5795
2524
1137
641
5557
8542
4441
2275
4885
6989
5662
2428
2461
7053
1317
1236
1558
2114
6529
7930
6415
8788
7359
7742
1788
5071
7411
1023
8608
925
4306
8609
4127
7240
8754
7841
7949
1595
8591
8348
3883
8745
8031
3517
6211
576
5736
5701
8178
8991
5344
1712
6213
8614
1445
3862
7
3852
9103
2943
7930
7383
3123
1354
868
4407
7049
8911
2092
7620
1920
452
3637
618
7360
7949
8954
50
2448
7320
6154
8883
8937
2008
2855
5544
1947
2015
7833
4979
9631
8594
1944
7634
332
7896
3130
882
4718
5955
9866
866
9876
8738
186
5449
3320
438
1978
874
53
179
5881
7110
612
7097
5227
7715
9879
6724
7131
1676
4122
2481
4259
1816
951
307
1819
9376
6905
3428
3326
1659
739
9327
7827
8541
9265
6350
5674
5152
2751
2639
3237
384
121
5917
5785
9342
787
1244
4629
3021
9690
9764
5891
609
8362
466
556
3369
738
908
6401
5338
2853
9843
1879
1054
530
5102
8915
4908
4806
9028
3430
7882
9200
1450
9930
7953
5814
4798
2542
3328
4358
7955
9727
8003
6015
7919
7832
4965
2561
3089
5962
6084
2930
3878
1455
2148
8899
9533
1372
8871
1618
2410
7158
171
3265
4569
7702
6084
8935
8116
1343
1068
6438
9686
6063
4072
7421
2016
9317
5965
9630
2555
5218
3091
2210
2064
3923
5144
5372
2069
1198
152
3116
121
3370
7516
2485
9570
6548
7888
2496
6196
2527
1642
2386
2708
9836
6663
9996
5310
2779
5096
6722
4244
321
7166
8606
8232
442
7521
165
5788
5648
4103
362
5464
348
9875
706
2028
8557
2524
6136
7239
6919
4609
642
4359
6158
6937
148
4625
1475
8015
2291
2675
9294
4125
9020
7720
429
3688
9942
3356
2155
7693
4485
6016
9092
5835
993
8177
456
2465
7863
948
8063
7529
8862
8165
9244
6597
3725
2752
6917
72
4010
5791
337
3097
4262
7366
4323
516
583
2555
7254
129
6678
2553
4394
4745
8395
4903
3614
9030
2981
1301
526
1050
1150
1703
6255
659
8335
1221
7176
8013
1536
1121
3524
6521
5202
9978
3589
9037
9952
6289
3195
2235
9267
123
2069
9047
8870
3143
2343
5779
7930
5472
5436
1053
6363
7668
3454
219
7186
8598
8581
3814
2667
1313
9100
149
5546
2638
3482
4443
6826
5352
8559
2612
9110
2510
4493
9180
5900
4489
58
5120
6446
2142
6643
3113
1499
2182
2818
1382
9086
3884
8483
8073
5493
4135
6420
278
1828
8393
7515
7159
4731
2886
4876
7635
1430
2233
3995
6976
1107
5652
7583
6
633
4263
88
1430
8311
8179
9891
9099
5675
3119
5259
3856
1781
2474
7777
3747
8954
1794
223
3464
3645
1621
5546
5296
7051
3318
2231
3963
6405
5698
3151
3932
7124
7987
8902
5437
5000
3716
5928
6099
4193
8311
8308
3922
9746
7108
110
3476
6355
8898
7168
7638
2758
475
1376
8596
6860
5755
6344
5830
4617
8809
9634
3707
9221
969
1074
8725
4516
7505
4057
8421
1945
203
8055
9656
9590
2859
2225
2929
7367
8961
4931
5354
4944
2417
583
3846
7347
3809
39
729
5015
7058
79
2217
1989
5139
4551
6278
7957
5074
4815
5417
6297
3812
8716
7673
5192
3512
338
6115
7086
8279
3890
9211
593
8302
3255
3438
2295
479
5275
8202
1623
9333
3871
7360
1629
8391
3835
1081
1170
2607
610
6983
8522
7355
7226
5981
5184
6899
3610
354
7280
9116
9909
1505
3779
4108
9655
308
9392
1967
2269
7491
4912
714
6106
5880
1635
4590
4454
7509
6450
5871
6793
6328
4421
6086
9850
5053
1878
8739
4769
6276
1477
2471
5411
1461
2253
6465
4687
2401
8086
7047
7796
4763
9036
7560
3750
9527
3873
1872
193
6866
5311
1291
589
7203
8161
5693
1107
9519
9570
2642
2254
5059
1573
3617
8309
5230
8518
3286
7896
2044
1729
2160
4121
5883
5667
5192
1182
8903
3037
2644
8628
7385
8480
7643
1094
2208
1205
1674
6542
942
6236
1798
6378
3958
5064
3794
307
3124
1528
1443
3466
3806
3737
8018
68
873
4619
211
4648
2384
3889
6980
5590
6992
5901
3287
347
3415
8923
5491
9954
7807
1836
4520
4861
5237
9510
2978
4132
5151
9450
1856
8524
1102
4823
6837
7180
6688
3229
5407
573
7192
6788
7526
7936
7778
1198
7
5028
7281
5674
1809
8936
1068
2778
9776
61
7241
5303
2649
6304
1016
9668
8869
9303
5124
6833
6801
3562
9973
9745
7620
7252
25
7694
4595
6313
1524
9979
9170
3690
8038
5257
5100
2103
7532
7454
3349
1749
4393
1204
5790
8832
4582
478
873
9443
376
4448
7597
1109
1538
7167
9884
5926
4730
2631
8307
2394
4176
4300
4498
7829
460
466
3036
6328
4775
7937
4449
4331
6126
3267
1354
4748
6642
3232
9685
7222
4675
9645
418
9974
1886
4944
6509
9706
7396
455
1982
571
4141
969
365
5276
9869
7996
4793
5043
8998
8281
6330
9624
718
5918
2565
3643
7683
1890
2241
1099
9148
2766
2424
3028
1217
6202
768
809
190
5622
3211
99
1220
7706
732
6808
432
4607
1050
4399
3328
1760
5673
1315
1459
3643
5847
598
9585
701
2293
4168
2699
9757
5047
776
5588
8823
9982
2698
3056
8188
2787
7418
7675
1447
7446
7840
6862
7123
8457
2645
589
5324
1510
6037
484
6532
1896
7252
9460
4823
4249
1398
7545
3856
2919
8138
4590
7133
9356
9638
7554
8273
1310
1065
9932
3881
7477
1197
8877
7969
7932
